F1-measure
0.276460383492 0.00777425348505
[ 0.28459669  0.2655611   0.2783484   0.29074363  0.26973265  0.27460953
  0.27981871  0.26513056  0.28107709  0.27498549]
[ 0.24613498  0.16600619  0.84429598  0.          0.12586478]


Precision
0.287560095889 0.00965186019553
[ 0.29160962  0.27471471  0.29254413  0.30451532  0.27600449  0.28869275
  0.296754    0.27571981  0.29378098  0.28126514]
[ 0.26401377  0.21589913  0.88845555  0.          0.06943203]


Recall
0.369071163915 0.0117689821919
[ 0.38936158  0.34593904  0.37877096  0.37829851  0.35963716  0.36926964
  0.36517688  0.35875992  0.37602644  0.36947151]

[ 0.23253719  0.13587499  0.8043419   0.          0.67260174]




Test:

F1: 0.275343155779
Precision: 0.291166476188
Recall: 0.362125388541