without threshold tuning
0.2731744339784859

0.277340557134 0.00933711549747
In [124]:
'
[array([ 0.26579521,  0.20411817,  0.83893516,  0.        ,  0.13620072]),
 array([ 0.20806794,  0.15752742,  0.83968791,  0.        ,  0.11331862]),
 array([ 0.22065728,  0.19735683,  0.84202683,  0.        ,  0.13212796]),
 array([ 0.3018018 ,  0.19825073,  0.84932313,  0.        ,  0.12555391]),
 array([ 0.25482625,  0.12857143,  0.8463068 ,  0.        ,  0.12220566]),
 array([ 0.21444201,  0.17760618,  0.84589294,  0.        ,  0.13343109]),
 array([ 0.27165354,  0.17094017,  0.8444641 ,  0.        ,  0.11505682]),
 array([ 0.21442495,  0.14715026,  0.84392041,  0.        ,  0.12554745]),
 array([ 0.24400871,  0.18878505,  0.84646077,  0.        ,  0.13451589]),
 array([ 0.26266417,  0.14314928,  0.83956467,  0.        ,  0.12068966])]


test: 0.27814561444252595
In [ ]:


