0.310701341298 [17, 14, 8]
0.32505821232 [37, 11, 5]
0.300907522454 [9, 4, 9]
0.32977139221 [16, 14, 3]
0.31756838225 [42, 7, 7]
0.331901208416 [37, 2, 4]
0.546314820349 [39, 8, 1]
0.338069892418 [26, 2, 3]
0.565067760749 [22, 5, 1]
0.603868068149 [19, 3, 1]
0.356962643104 [36, 8, 2]
0.356647164446 [43, 11, 2]
0.355176097805 [25, 8, 2]
0.314344509658 [13, 3, 5]
0.305606637004 [7, 4, 5]
0.340450635901 [38, 10, 3]
0.315399628204 [24, 8, 7]
0.33389291327 [49, 5, 4]
0.311160327897 [33, 5, 9]
0.356945336398 [44, 11, 2]
0.303145747067 [10, 7, 9]
0.315550999744 [35, 9, 8]
0.316496550462 [7, 8, 3]
0.525277586721 [46, 12, 1]
0.330390343129 [28, 10, 4]
0.327406389481 [6, 12, 2]
0.316159603101 [15, 6, 6]
0.340509974299 [40, 10, 3]
0.322098049081 [41, 4, 6]
0.320930922983 [32, 2, 6]
0.354841418247 [31, 9, 2]
0.322093020005 [45, 6, 6]
0.318944613954 [47, 7, 7]
0.329059906392 [29, 14, 4]
0.300133805374 [8, 6, 9]
0.314573831531 [31, 11, 8]
0.320635814905 [30, 2, 6]
0.315760377963 [26, 12, 7]
0.318877758291 [22, 3, 6]
0.336374115555 [30, 13, 3]
0.311160327897 [33, 4, 9]
0.311894399356 [44, 12, 9]
0.356965528832 [36, 6, 2]
0.314736253911 [32, 5, 8]
0.315438639745 [25, 11, 7]
0.331724795949 [45, 12, 4]
0.309662244287 [23, 9, 9]
0.315343380665 [41, 10, 8]
0.313888269118 [27, 13, 8]
0.341277872409 [39, 3, 3]
0.305748412983 [9, 12, 7]
0.478126428737 [5, 5, 1]
0.320843182692 [16, 11, 5]
0.318720324266 [48, 14, 7]
0.332392142039 [49, 9, 4]
0.33502134306 [23, 14, 3]
0.323702232792 [14, 3, 4]
0.325331463016 [48, 5, 5]
0.318155539629 [18, 9, 5]
0.312402054913 [47, 13, 9]
0.319769684643 [20, 6, 5]
0.294558758881 [5, 5, 7]
0.355701131949 [34, 11, 2]
0.33204892114 [19, 7, 3]
0.31161382677 [42, 14, 9]
0.320341363999 [21, 8, 5]
0.323163007676 [13, 4, 4]
0.551225786545 [11, 4, 1]
0.312149978986 [46, 7, 9]
0.307557495553 [12, 3, 8]
0.314195003068 [28, 2, 8]
0.346325576239 [15, 9, 2]
0.356482817972 [43, 10, 2]
0.312431454303 [10, 12, 5]
0.335353385592 [20, 6, 3]
0.430906167768 [6, 13, 1]
0.509197473804 [35, 14, 1]
0.320504774265 [29, 6, 6]
0.323026972808 [14, 10, 4]
0.312421160061 [11, 2, 6]
0.315399628204 [24, 13, 7]
0.326191041904 [18, 8, 4]
0.325451006613 [38, 13, 5]
0.300862223201 [8, 5, 8]
0.32175967509 [40, 3, 6]
0.311918881965 [17, 13, 7]
0.660451140059 [27, 2, 1]
0.319563805054 [21, 7, 6]
0.315897587502 [34, 10, 8]
0.522115960835 [12, 7, 1]
0.31431106682 [5, 4, 3]
0.312859643197 [37, 12, 8]
0.312224607581 [36, 5, 9]
0.312872929622 [44, 11, 9]
0.333579541186 [16, 4, 3]
0.335056344089 [48, 8, 4]
0.352126159316 [23, 8, 2]
0.340376868808 [33, 7, 3]
0.341485724693 [44, 2, 3]
0.563158613736 [9, 3, 1]
0.314934799266 [36, 9, 8]
0.325729016337 [40, 9, 5]
0.30863676975 [22, 8, 9]
0.308379633876 [13, 3, 7]
0.325044833195 [33, 12, 5]
0.312524278843 [14, 9, 7]
0.310328119786 [24, 5, 9]
0.606154141995 [49, 4, 1]
0.34045588326 [33, 4, 3]
0.324972119791 [39, 11, 5]
0.352443160753 [30, 13, 2]
0.31715167401 [14, 9, 6]
0.31950152837 [33, 8, 6]
0.30187832236 [7, 3, 7]
0.337755764508 [27, 8, 3]
0.344733801149 [14, 11, 2]
0.314470833897 [44, 6, 8]
0.319970976737 [40, 2, 6]
0.589386520001 [12, 3, 1]
0.357883496449 [32, 2, 2]
0.317623340658 [23, 9, 6]
0.598223077103 [47, 4, 1]
0.356198575931 [28, 8, 2]
0.32109862909 [5, 6, 2]
0.321079775143 [31, 9, 6]
0.338851562744 [31, 6, 3]
0.312415545947 [14, 6, 6]
0.327919439785 [35, 9, 4]
0.302902401892 [8, 3, 6]
0.334316533754 [30, 13, 3]
0.340241290612 [33, 2, 3]
0.312071061576 [34, 12, 9]
0.357517396019 [35, 3, 2]
0.453047198994 [8, 12, 1]
0.315779471465 [24, 11, 7]
0.340414998828 [38, 4, 3]
0.300509975051 [6, 5, 9]
0.319755380323 [31, 10, 7]
0.311201326152 [31, 4, 8]
0.312256372013 [21, 14, 8]
0.325391466038 [30, 12, 5]
0.330872117215 [36, 11, 4]
0.310060882878 [24, 2, 9]
0.316474750495 [43, 3, 9]
0.330127291985 [30, 9, 4]
0.33466254127 [23, 13, 3]
0.506611259541 [10, 7, 1]
0.507960872851 [32, 14, 1]
0.31437972231 [18, 11, 7]
0.312452934286 [39, 13, 9]
0.324406390366 [29, 5, 5]
0.320759273605 [27, 9, 6]
0.318629004159 [42, 2, 7]
0.341785449734 [42, 6, 3]
0.307224223512 [11, 6, 8]
0.308622583138 [21, 8, 8]
0.323365999235 [48, 7, 6]
0.516534371984 [18, 9, 1]
0.313096418141 [41, 7, 9]
0.318809177975 [12, 3, 4]
0.359102544214 [41, 6, 2]
0.326055382633 [32, 12, 5]
0.332547203693 [47, 9, 4]
0.48346242816 [14, 13, 1]
0.316348014736 [20, 14, 7]
0.552381670327 [30, 7, 1]
0.31200496543 [30, 5, 8]
0.301192164049 [6, 13, 6]
0.315041751123 [24, 11, 8]
0.625451038703 [15, 2, 1]
0.329010364909 [11, 3, 3]
0.654677003391 [25, 2, 1]
0.320900241489 [32, 6, 5]
0.314007800925 [26, 11, 8]
0.308876521056 [10, 10, 6]
0.319287642618 [17, 7, 5]
0.318833584 [41, 8, 7]
0.527461588608 [21, 9, 1]
0.311680205486 [14, 14, 7]
0.32149783176 [39, 7, 6]
0.328287066399 [27, 12, 4]
0.355714666784 [36, 9, 2]
0.337317525354 [19, 2, 3]
0.314105720748 [22, 11, 8]
0.357302278851 [33, 6, 2]
0.354618357522 [38, 10, 2]
0.320892574486 [24, 2, 5]
0.316263930716 [27, 7, 7]
0.322169242907 [22, 8, 5]
0.314764096758 [18, 3, 6]
0.329395526096 [46, 10, 4]
0.314620718731 [43, 4, 8]
0.324490401636 [18, 8, 4]
0.322709031337 [28, 7, 5]
0.323570434996 [38, 6, 5]
0.340827280871 [41, 2, 3]
0.314669388471 [24, 9, 7]
0.510109563912 [25, 13, 1]
0.528337929892 [33, 10, 1]
0.311034113738 [31, 5, 8]
0.351656810484 [20, 7, 2]
0.329991982092 [14, 6, 3]
0.331683447022 [33, 10, 4]
0.524052848602 [34, 11, 1]
0.355669517966 [30, 8, 2]
0.326043607198 [48, 10, 5]
0.336279681205 [26, 13, 3]
0.357339053144 [34, 9, 2]
0.313064703812 [37, 3, 8]
0.333554968824 [7, 2, 2]
0.482873494872 [9, 9, 1]
0.313779300954 [23, 5, 7]
0.325058520467 [17, 11, 4]
0.564821443444 [41, 6, 1]
0.329212050343 [28, 5, 4]
0.314910619991 [49, 6, 9]
0.312402478591 [17, 14, 6]
0.351319912414 [21, 9, 2]
0.332174734115 [45, 3, 4]
0.332510128918 [37, 9, 4]
0.651797340516 [33, 2, 1]
0.340956552981 [40, 5, 3]
0.318994900252 [32, 10, 7]
0.346866476002 [15, 7, 2]
0.317059262886 [24, 11, 7]
0.323442476301 [44, 8, 6]
0.327575818602 [23, 9, 4]
0.330061702479 [29, 7, 4]
0.3538761691 [22, 4, 2]
0.341647960918 [39, 6, 3]
0.321612884329 [37, 12, 6]
0.330775343792 [37, 4, 4]
0.354152149994 [18, 4, 2]
0.31210228967 [20, 3, 7]
0.330987120118 [45, 10, 4]
0.550530414702 [24, 6, 1]
0.303653915802 [10, 12, 7]
0.326891087149 [46, 7, 5]
0.303625411804 [10, 9, 7]
0.313452281584 [39, 8, 8]
0.317773013478 [17, 11, 5]
0.331022871562 [37, 9, 4]
0.302276941106 [7, 10, 6]
0.512092704279 [24, 11, 1]
0.338801069299 [33, 2, 3]
0.502304288546 [14, 11, 1]
0.361043313847 [48, 3, 2]
0.318108299383 [25, 2, 6]
0.312489067603 [41, 10, 9]
0.327813518826 [12, 10, 3]
0.33464248918 [27, 11, 3]
0.353555477271 [19, 3, 2]
0.352008993241 [22, 6, 2]
0.531354075708 [18, 8, 1]
0.338968799079 [28, 3, 3]
0.323352505465 [30, 12, 5]
0.527901073437 [41, 11, 1]
0.320088935167 [34, 14, 6]
0.312280046173 [5, 2, 3]
0.564131719778 [21, 5, 1]
0.318196060516 [46, 11, 8]
0.30576649484 [5, 6, 4]
0.567719224215 [37, 6, 1]
0.328083016695 [27, 13, 4]
0.338815525283 [40, 7, 3]
0.349256307523 [17, 10, 2]
0.53563658219 [41, 10, 1]
0.334333607687 [23, 8, 3]
0.313595521318 [26, 11, 8]
0.515717883205 [12, 7, 1]
0.337920866989 [43, 14, 3]
0.344992990867 [14, 9, 2]
0.506413556093 [19, 11, 1]
0.322901460722 [30, 14, 5]
0.320791247489 [33, 2, 6]
0.317993210484 [35, 10, 7]
0.33013159281 [37, 14, 4]
0.354183015403 [29, 7, 2]
0.305460977881 [9, 9, 9]
0.305217800061 [19, 3, 9]
0.320577369209 [36, 8, 6]
0.315674451174 [45, 11, 7]
0.313648529789 [25, 13, 7]
0.322310692481 [27, 10, 5]
0.509667851915 [24, 12, 1]
0.340837818361 [23, 5, 3]
0.315387659477 [39, 12, 8]
0.569594306181 [46, 6, 1]
0.355877271917 [44, 10, 2]
0.526279356787 [38, 11, 1]
0.312371639258 [29, 8, 9]
0.560931095076 [30, 6, 1]
0.328320953823 [27, 11, 4]
0.31780511367 [46, 8, 7]
0.323153184051 [43, 13, 6]
0.305998459763 [16, 5, 9]
0.315319267289 [18, 13, 7]
0.32285590893 [34, 14, 5]
0.525385576451 [20, 9, 1]
0.320513393334 [48, 2, 6]
0.323174110863 [9, 11, 3]
0.332174193751 [47, 6, 4]
0.35556215771 [29, 6, 2]
0.316908678626 [39, 4, 7]
0.330048287127 [36, 5, 4]
0.317963916299 [17, 5, 5]
0.339868847753 [30, 3, 3]
0.359336597068 [43, 6, 2]
0.315803008443 [17, 12, 6]
0.353853863767 [35, 13, 2]
0.301200170935 [6, 6, 6]
0.327018351192 [11, 5, 3]
0.352262294558 [21, 12, 2]
0.29965273909 [7, 12, 8]
0.313636162708 [29, 5, 7]
0.337958993653 [40, 14, 3]
0.532016642701 [23, 9, 1]
0.323329358767 [43, 7, 5]
0.593953498357 [26, 4, 1]
0.309951210896 [16, 6, 7]
0.323201394669 [30, 7, 5]
0.335179452464 [8, 5, 2]
0.307484255301 [20, 7, 9]
0.32148488528 [20, 10, 5]
0.313916094698 [49, 6, 9]
0.56449801676 [30, 6, 1]
0.310540818152 [11, 6, 6]
0.316447234488 [32, 11, 7]
0.334709039737 [29, 13, 3]
0.310738878358 [35, 5, 8]
0.316702192335 [10, 7, 5]
0.336913381352 [9, 8, 2]
0.330369316752 [8, 14, 2]
0.323150127545 [30, 5, 5]
0.354198591914 [23, 5, 2]
0.311866230909 [14, 5, 8]
0.332187403548 [46, 5, 4]
0.31402283978 [19, 3, 7]
0.323261670767 [22, 2, 5]
0.310585398047 [12, 14, 6]
0.311797650077 [41, 6, 9]
0.311026066858 [19, 8, 9]
0.331087931869 [6, 6, 2]
0.309947179399 [12, 14, 7]
0.31265388249 [18, 8, 7]
0.518486343772 [8, 5, 1]
0.354552203878 [28, 11, 2]
0.540114950393 [5, 2, 1]
0.331488028829 [48, 7, 4]
0.49202367396 [18, 14, 1]
0.307616689129 [12, 4, 8]
0.321333928672 [20, 2, 5]
0.330900429044 [14, 4, 3]
0.347746270792 [22, 14, 2]
0.3322260897 [17, 7, 3]
0.315332278536 [45, 9, 8]
0.548239250619 [27, 7, 1]
0.332639828 [49, 11, 4]
0.330527900406 [45, 12, 4]
0.305692989648 [5, 11, 4]
0.656562140504 [27, 2, 1]
0.656562140504 [27, 2, 1]
0.656562140504 [27, 2, 1]
0.656562140504 [27, 2, 1]
CPU times: user 2min 33s, sys: 37.5 s, total: 3min 10s
Wall time: 44min 48s