0.586174511116 [12, 9, 2]
0.592268401148 [48, 11, 8]
0.604849403166 [40, 8, 2]
0.406819745194 [11, 5, 1]
0.587057767765 [13, 4, 6]
0.587738102776 [34, 2, 8]
0.608667982552 [47, 9, 4]
0.596172660203 [24, 6, 2]
0.58790538734 [12, 10, 6]
0.600938434489 [45, 7, 3]
0.603639650213 [44, 7, 2]
0.594813895945 [36, 6, 7]
0.595260532799 [22, 7, 3]
0.604716274658 [43, 14, 3]
0.601931093989 [18, 12, 2]
0.596323174679 [46, 14, 7]
0.60200202233 [36, 2, 6]
0.423265867933 [18, 6, 1]
0.574271227327 [8, 10, 7]
0.603866072532 [35, 2, 5]
0.575866919591 [14, 7, 9]
0.598685503378 [23, 9, 5]
0.582947855518 [9, 10, 2]
0.599826130071 [26, 3, 5]
0.583482776272 [8, 14, 3]
0.595438285491 [15, 2, 4]
0.596621354805 [49, 10, 7]
0.599901747733 [25, 2, 4]
0.598764728773 [35, 11, 5]
0.600859656409 [19, 14, 2]
0.484420938896 [25, 12, 1]
0.603337838609 [39, 3, 4]
0.592268401148 [48, 9, 8]
0.594266860998 [14, 4, 4]
0.601165301264 [30, 14, 4]
0.599268603049 [29, 13, 5]
0.592877958423 [28, 8, 7]
0.595903897658 [21, 11, 4]
0.594943979977 [23, 11, 5]
0.556617308529 [6, 6, 8]
0.58219678364 [22, 12, 9]
0.601852279583 [33, 13, 3]
0.594662371351 [27, 12, 5]
0.592329144159 [16, 3, 2]
0.580693418658 [19, 13, 9]
0.599583486702 [37, 4, 2]
0.593837296242 [17, 9, 5]
0.603684724866 [32, 8, 6]
0.592793377554 [27, 13, 7]
0.601008052199 [30, 6, 5]
0.551609376973 [5, 4, 8]
0.58704141673 [29, 14, 8]
0.586405636154 [10, 5, 4]
0.601862695216 [47, 11, 6]
0.589847517014 [33, 4, 9]
0.57313613349 [10, 12, 5]
0.569141614768 [7, 2, 7]
0.594979866597 [17, 10, 6]
0.591169720443 [38, 7, 9]
0.603684724866 [32, 5, 6]
0.586942280548 [28, 3, 9]
0.59989324638 [21, 3, 3]
0.473955178246 [49, 11, 1]
0.596180876834 [20, 3, 6]
0.58763466639 [31, 10, 9]
0.566506070381 [9, 12, 9]
0.580826555379 [7, 5, 3]
0.323074790098 [46, 2, 1]
0.586063824556 [26, 11, 8]
0.602525520011 [34, 13, 3]
0.59637786136 [44, 5, 7]
0.587509765425 [31, 6, 8]
0.460618831665 [37, 9, 1]
0.387072933454 [41, 4, 1]
0.602340095215 [45, 5, 6]
0.372573193329 [5, 3, 1]
0.571593394162 [6, 13, 4]
0.600336741294 [41, 9, 6]
0.595762301724 [42, 9, 7]
0.606646665597 [39, 8, 3]
0.60336909219 [40, 7, 2]
0.486038636656 [24, 13, 1]
0.586011330267 [15, 6, 7]
0.582794132949 [20, 4, 9]
0.603108396032 [42, 13, 3]
0.452372087061 [13, 8, 1]
0.590350778049 [38, 12, 8]
0.591044964016 [43, 7, 8]
0.56971466756 [11, 8, 9]
0.594477458976 [16, 6, 4]
0.598891708287 [47, 14, 6]
0.593556173769 [40, 11, 8]
0.593716673857 [47, 13, 9]
0.477874144583 [9, 12, 1]
0.587920982009 [15, 3, 2]
0.58623385281 [18, 4, 8]
0.597441961991 [24, 5, 2]
0.596746699541 [24, 5, 4]
0.583484536846 [15, 5, 6]
0.566347669388 [6, 7, 3]
0.558755328645 [5, 2, 2]
0.584531891747 [10, 8, 2]
0.59093447095 [22, 7, 6]
0.406948937287 [43, 5, 1]
0.601167994565 [23, 7, 4]
0.598242595751 [27, 14, 4]
0.599695233556 [36, 2, 3]
0.59496450748 [22, 11, 5]
0.56635514151 [8, 10, 5]
0.596018177358 [49, 5, 8]
0.585919440909 [25, 8, 8]
0.598755817178 [37, 9, 5]
0.598271215066 [48, 6, 2]
0.437580360934 [31, 7, 1]
0.580991317388 [13, 12, 5]
0.598858971294 [45, 10, 6]
0.591183663534 [31, 9, 8]
0.589069354675 [14, 13, 4]
0.6015114885 [44, 13, 4]
0.569851412749 [7, 14, 2]
0.358940745757 [36, 3, 1]
0.603815406241 [39, 8, 2]
0.605580108695 [45, 9, 3]
0.601930456362 [40, 2, 4]
0.598334827575 [30, 11, 3]
0.596443807078 [22, 6, 4]
0.591169733764 [28, 8, 7]
0.599474096628 [26, 11, 4]
0.591225973663 [14, 3, 5]
0.588432620689 [15, 9, 6]
0.481300176724 [27, 12, 1]
0.481946786948 [15, 13, 1]
0.480305999181 [8, 14, 1]
0.570843401634 [7, 10, 3]
0.579085351794 [17, 14, 9]
0.571713219648 [7, 4, 2]
0.590950552707 [42, 2, 7]
0.592965066693 [16, 8, 2]
0.570083135517 [9, 13, 7]
0.59244047375 [37, 4, 7]
0.593763289671 [41, 5, 8]
0.595278484183 [39, 5, 6]
0.603004460761 [45, 8, 4]
0.585491706159 [20, 11, 7]
0.589708755831 [33, 2, 9]
0.591909806102 [13, 8, 4]
0.590505515506 [18, 3, 7]
0.460710157011 [17, 10, 1]
0.420469536914 [38, 6, 1]
0.597364133361 [44, 5, 5]
0.586249480947 [19, 9, 8]
0.58488400043 [21, 3, 8]
0.390016289873 [49, 4, 1]
0.59748384965 [27, 10, 6]
0.589394051713 [48, 3, 9]
0.593520584171 [16, 9, 3]
0.560144371131 [7, 10, 9]
0.599146779791 [44, 13, 5]
0.487266537484 [26, 13, 1]
0.604414733981 [30, 13, 2]
0.596563232969 [18, 7, 4]
0.596447601592 [20, 6, 2]
0.58211442818 [15, 6, 9]
0.578411141615 [8, 13, 5]
0.589206240055 [15, 5, 2]
0.597008288915 [43, 3, 6]
0.606976493267 [48, 12, 4]
0.414665717964 [5, 6, 1]
0.589024016828 [19, 8, 7]
0.603022800328 [49, 8, 5]
0.595121241517 [24, 6, 2]
0.492731635231 [27, 14, 1]
0.591380206414 [32, 2, 7]
0.588950837162 [23, 8, 9]
0.604639482211 [42, 13, 3]
0.448086571868 [40, 8, 1]
0.574507524946 [13, 3, 8]
0.586340558332 [14, 11, 5]
0.588140582031 [11, 12, 2]
0.605529475108 [42, 9, 2]
0.607336868491 [48, 14, 4]
0.467105805128 [10, 10, 1]
0.405759909617 [28, 5, 1]
0.387605467492 [26, 4, 1]
0.579012550801 [15, 14, 7]
0.438503894048 [40, 7, 1]
0.566284794448 [8, 13, 8]
0.599649476372 [28, 12, 2]
0.583279458954 [12, 3, 3]
0.58668079149 [21, 7, 7]
0.592521912624 [33, 6, 5]
0.601643711376 [36, 11, 3]
0.58558741323 [22, 6, 9]
0.595698116185 [18, 14, 3]
0.594030343081 [34, 12, 7]
0.605228097698 [36, 4, 4]
0.596549544426 [36, 2, 4]
0.594277983862 [32, 11, 5]
0.489164840304 [19, 14, 1]
0.602439942069 [36, 4, 6]
0.593532833202 [25, 13, 7]
0.599496527719 [31, 12, 5]
0.423020906665 [42, 6, 1]
0.494891322412 [26, 14, 1]
0.592565228587 [43, 10, 7]
0.602969828726 [45, 12, 6]
0.451187552065 [19, 9, 1]
0.604325271018 [39, 10, 2]
0.595786123308 [28, 4, 5]
0.586369371445 [20, 9, 7]
0.583262250967 [15, 8, 7]
0.444355357361 [19, 8, 1]
0.601805800512 [47, 4, 4]
0.407418234587 [34, 5, 1]
0.598544768586 [25, 14, 4]
0.587552412203 [14, 9, 5]
0.591590219502 [36, 14, 7]
0.594363811049 [35, 11, 7]
0.603076615308 [44, 10, 5]
0.598389539528 [25, 5, 3]
0.570759938186 [9, 8, 8]
0.595262054781 [41, 10, 8]
0.554165267843 [5, 12, 7]
0.591806207725 [40, 9, 9]
0.601537314997 [37, 4, 2]
0.565813282064 [6, 5, 2]
0.585349592677 [17, 9, 6]
0.599766090389 [39, 9, 4]
0.601744387112 [27, 6, 4]
0.4924945723 [30, 14, 1]
0.586601705005 [17, 7, 8]
0.582411018538 [12, 5, 6]
0.598892655523 [45, 7, 6]
0.593336649411 [48, 7, 8]
0.589146931202 [48, 12, 9]
0.581365827609 [11, 6, 2]
0.591583643696 [35, 3, 8]
0.587666672583 [17, 5, 6]
0.601230075138 [30, 7, 3]
0.60734076681 [47, 5, 3]
0.606930656639 [47, 12, 3]
0.599544798654 [21, 13, 3]
0.476908122872 [32, 11, 1]
0.598247807552 [33, 10, 6]
0.597367139052 [48, 11, 7]
0.606837640139 [41, 7, 3]
0.579889417644 [14, 4, 9]
0.592304334709 [29, 3, 6]
0.590430822682 [25, 11, 8]
0.589194485578 [29, 13, 8]
0.586205925138 [42, 8, 9]
0.594294339007 [20, 8, 4]
0.594873489102 [43, 7, 8]
0.574872985435 [8, 8, 3]
0.592965120974 [45, 5, 7]
0.585197178765 [27, 8, 9]
0.598079039787 [28, 12, 5]
0.594930279111 [24, 4, 6]
0.594372424867 [42, 12, 7]
0.596695774962 [47, 11, 6]
0.587020175098 [12, 6, 4]
0.587795014287 [27, 14, 9]
0.325676526785 [15, 2, 1]
0.590054126468 [23, 7, 8]
0.60444526749 [47, 7, 4]
0.325434165062 [32, 2, 1]
0.597323683127 [46, 2, 6]
0.602259242666 [43, 2, 3]
0.590797369637 [24, 12, 6]
0.604352698679 [40, 8, 2]
0.579626416876 [12, 5, 5]
0.604889069967 [40, 12, 3]
0.598444525002 [29, 8, 2]
0.562940279964 [7, 8, 9]
0.362490221447 [15, 3, 1]
0.547417041096 [5, 2, 8]
0.574111490345 [12, 5, 8]
0.598704979514 [18, 12, 2]
0.566663402775 [9, 9, 9]
0.599419317633 [29, 12, 3]
0.604779359464 [30, 13, 3]
0.601481982187 [29, 6, 3]
0.609025651266 [45, 9, 3]
0.595584275905 [26, 11, 5]
0.591258138849 [21, 12, 6]
0.601030810365 [34, 4, 4]
0.595671795198 [24, 3, 6]
0.605504456225 [43, 14, 3]
0.560659914963 [7, 12, 9]
0.583538484414 [12, 7, 2]
0.599628088459 [25, 11, 4]
0.589224596191 [35, 12, 7]
0.605520383582 [48, 7, 2]
0.579428284154 [19, 10, 9]
0.596052026079 [43, 10, 6]
0.598442243218 [33, 14, 6]
0.580552307755 [8, 9, 2]
0.595570839541 [46, 6, 9]
0.572067820034 [10, 13, 7]
0.586969578535 [16, 9, 6]
0.581266250836 [13, 8, 6]
0.600882062656 [39, 9, 5]
0.598310734588 [32, 7, 3]
0.602096691909 [27, 4, 3]
0.581926821708 [13, 6, 2]
0.591173338584 [23, 11, 5]
0.590323670491 [15, 11, 2]
0.591188490886 [26, 2, 7]
0.587266801635 [23, 4, 8]
0.602518076277 [31, 10, 3]
0.59385849453 [19, 7, 5]
0.585170827787 [16, 2, 5]
0.600813727644 [31, 4, 2]
0.588705083768 [38, 2, 9]
0.601406740829 [38, 4, 3]
0.5845792116 [21, 3, 7]
0.49421952323 [44, 14, 1]
0.59817495598 [45, 12, 7]
0.598506105197 [23, 2, 2]
0.604207165258 [44, 11, 2]
0.586375435247 [16, 10, 5]
0.601573968926 [48, 9, 5]
0.593158405207 [45, 2, 9]
0.593008097633 [47, 13, 9]
0.591287925788 [19, 4, 8]
0.589066819703 [19, 3, 7]
0.592446953851 [43, 10, 7]
0.574456357081 [9, 4, 7]
0.589876755436 [30, 8, 8]
0.59808736041 [40, 14, 6]
0.604011305506 [49, 12, 3]
0.459747765938 [21, 10, 1]
0.592673328675 [32, 12, 7]
0.601122502844 [47, 7, 2]
0.598229366952 [37, 4, 5]
0.601676499765 [25, 12, 3]
0.593915834456 [24, 3, 5]
0.593161221704 [19, 3, 6]
0.594236728714 [38, 5, 8]
0.585957271469 [21, 7, 9]
0.594077059331 [47, 11, 8]
0.596197584922 [25, 7, 2]
0.595643442748 [43, 3, 8]
0.581141258358 [8, 13, 6]
0.598772021306 [45, 5, 6]
0.603695265613 [43, 11, 2]
0.585168829079 [15, 13, 5]
0.590084893196 [48, 9, 9]
0.60407305448 [42, 2, 2]
0.56649387902 [9, 2, 8]
0.57682797891 [16, 3, 8]
0.599011608699 [27, 4, 2]
0.60042896542 [32, 2, 4]
0.584403857176 [18, 10, 8]
0.607508941833 [45, 13, 2]
0.596233938564 [46, 2, 8]
0.602427394156 [46, 11, 3]
0.590224638214 [42, 2, 9]
0.46355085991 [17, 10, 1]
0.605943174891 [42, 14, 2]
0.60465644174 [45, 9, 3]
0.60465644174 [45, 9, 3]
0.60465644174 [45, 9, 3]
0.60465644174 [45, 9, 3]
CPU times: user 2min 33s, sys: 37 s, total: 3min 10s
Wall time: 43min 45s