0.398372696924 [37, 14, 2]
0.331303688412 [27, 8, 9]
0.349016322003 [45, 13, 6]
0.396221766742 [27, 11, 2]
0.318965237385 [11, 4, 9]
0.354302270648 [41, 11, 5]
0.33739193113 [21, 9, 7]
0.485951549315 [32, 8, 1]
0.309398467045 [6, 9, 7]
0.35423684357 [47, 4, 5]
0.335605633538 [16, 9, 6]
0.350517232783 [35, 12, 6]
0.377464294313 [48, 12, 3]
0.378657877439 [33, 6, 3]
0.377356388041 [36, 10, 3]
0.350259989133 [39, 7, 6]
0.338629250018 [21, 14, 6]
0.299437452365 [5, 12, 6]
0.338883952104 [40, 14, 8]
0.335729107005 [26, 9, 8]
0.322561225874 [13, 7, 9]
0.317258160378 [10, 13, 8]
0.425503004575 [23, 3, 1]
0.35435258376 [19, 11, 4]
0.364892284245 [29, 6, 4]
0.366718781059 [18, 4, 3]
0.3366804521 [20, 4, 7]
0.308329638107 [8, 11, 8]
0.486567012157 [46, 8, 1]
0.349752837487 [12, 2, 4]
0.336310383388 [47, 4, 9]
0.334643769146 [14, 9, 5]
0.363278897725 [25, 7, 4]
0.353970745064 [15, 5, 4]
0.348742098991 [38, 13, 6]
0.34207825361 [9, 6, 4]
0.403026995124 [24, 3, 2]
0.333393891358 [30, 13, 9]
0.388647162515 [12, 3, 2]
0.339353838374 [42, 3, 8]
0.400764826419 [31, 8, 2]
0.484838608737 [14, 11, 1]
0.399938056862 [30, 12, 2]
0.355078680195 [49, 3, 5]
0.324883403792 [13, 3, 8]
0.327269168589 [9, 5, 5]
0.324003684999 [15, 2, 9]
0.35159726775 [44, 11, 6]
0.444966545008 [22, 4, 1]
0.397202222588 [32, 14, 2]
0.33715672072 [36, 11, 8]
0.444820859907 [11, 4, 1]
0.379071683037 [48, 10, 3]
0.334012411523 [16, 2, 7]
0.340683923097 [23, 10, 7]
0.352062057183 [38, 14, 5]
0.334949982272 [34, 8, 9]
0.366678839779 [41, 9, 4]
0.339647698735 [43, 5, 8]
0.498981673355 [46, 13, 1]
0.363377198271 [37, 14, 4]
0.372657447001 [20, 8, 3]
0.319545527028 [7, 2, 5]
0.337503655635 [33, 2, 8]
0.340190814311 [24, 12, 7]
0.352939890679 [43, 7, 6]
0.410740507012 [42, 5, 2]
0.404794615719 [44, 9, 2]
0.33439728836 [17, 13, 7]
0.363708042528 [49, 12, 4]
0.331169124616 [6, 3, 4]
0.364909263268 [19, 12, 3]
0.379262041718 [39, 2, 3]
0.341941451821 [28, 10, 7]
0.313373634384 [7, 6, 7]
0.401657759503 [25, 7, 2]
0.340935048634 [22, 6, 6]
0.336198953732 [29, 7, 8]
0.386772542366 [45, 2, 1]
0.332728807367 [5, 7, 3]
0.471668688082 [28, 6, 1]
0.309523517447 [8, 8, 9]
0.33920699491 [17, 5, 5]
0.494688893443 [31, 10, 1]
0.379129254549 [35, 6, 3]
0.353696210993 [40, 5, 5]
0.334949982272 [34, 14, 9]
0.327441970441 [18, 10, 9]
0.346261470464 [26, 5, 5]
0.321605473528 [10, 13, 7]
0.398111392152 [16, 6, 2]
0.334209201968 [20, 9, 8]
0.332887784514 [9, 6, 6]
0.40934447331 [46, 6, 2]
0.386327760625 [47, 2, 3]
0.359796573431 [24, 5, 4]
0.332689525773 [22, 10, 8]
0.459058458315 [18, 5, 1]
0.463355102879 [36, 5, 1]
0.328546037188 [26, 6, 9]
0.432608011784 [6, 5, 1]
0.333258379617 [11, 13, 6]
0.350675957901 [46, 10, 6]
0.369587046374 [16, 5, 3]
0.393317693396 [17, 13, 2]
0.348877974627 [38, 12, 6]
0.344991169164 [34, 4, 6]
0.343028044435 [20, 14, 6]
0.345148674773 [40, 2, 7]
0.35177912174 [23, 14, 5]
0.481089283274 [47, 7, 1]
0.323052374204 [10, 13, 6]
0.422416080635 [16, 3, 1]
0.324186709357 [19, 10, 9]
0.381355672843 [40, 6, 3]
0.371065622078 [17, 5, 3]
0.345531385133 [20, 8, 5]
0.380945650904 [42, 7, 3]
0.381567754246 [46, 8, 3]
0.344763774961 [31, 5, 6]
0.32948197204 [23, 5, 9]
0.388184816949 [38, 2, 1]
0.336013056496 [25, 5, 8]
0.360295234409 [24, 3, 4]
0.341384022916 [49, 2, 8]
0.353698892836 [9, 12, 3]
0.35349452053 [26, 3, 5]
0.326742200109 [16, 4, 9]
0.351366884432 [24, 3, 5]
0.334452723919 [27, 4, 8]
0.352520158778 [33, 6, 5]
0.344627913908 [9, 11, 4]
0.337467397366 [22, 14, 7]
0.414659522755 [10, 3, 1]
0.330779971256 [22, 6, 9]
0.350278401233 [22, 13, 5]
0.363377707718 [40, 2, 4]
0.365891252851 [48, 6, 4]
0.348169446186 [16, 4, 4]
0.343858036605 [37, 7, 7]
0.335047624523 [14, 13, 8]
0.388182149031 [18, 2, 1]
0.349338843337 [48, 8, 6]
0.375812656003 [37, 2, 1]
0.323763954492 [13, 10, 7]
0.381463059517 [46, 2, 3]
0.349214190248 [20, 8, 5]
0.340251259851 [25, 9, 6]
0.326060526587 [15, 13, 8]
0.328347340355 [15, 4, 7]
0.3984816285 [22, 14, 2]
0.362312221539 [30, 8, 4]
0.364872413797 [37, 6, 4]
0.321159580042 [10, 14, 7]
0.335432499784 [22, 12, 8]
0.348523380684 [49, 8, 6]
0.332662387871 [43, 13, 9]
0.398475171857 [25, 9, 2]
0.317230450359 [7, 13, 7]
0.331426978461 [49, 3, 9]
0.309046566872 [6, 2, 8]
0.488578063257 [27, 9, 1]
0.378634187358 [39, 2, 3]
0.338384921972 [29, 10, 7]
0.34113521803 [42, 3, 7]
0.347611521679 [41, 2, 6]
0.332952832621 [15, 6, 6]
0.303206958811 [6, 7, 8]
0.498896449371 [47, 13, 1]
0.379588286933 [46, 10, 3]
0.328983447088 [21, 6, 8]
0.344308829106 [20, 4, 6]
0.365680773701 [17, 12, 3]
0.486769429939 [23, 10, 1]
0.341883735155 [26, 8, 6]
0.332890685797 [12, 5, 6]
0.384635812953 [36, 2, 1]
0.336698115291 [48, 2, 9]
0.334565327558 [9, 10, 5]
0.31697576819 [10, 14, 9]
0.347584555336 [35, 9, 6]
0.478582161269 [20, 8, 1]
0.342807409988 [24, 13, 6]
0.335743797178 [46, 9, 8]
0.307684057855 [5, 11, 6]
0.346705309641 [12, 4, 4]
0.313750141381 [7, 9, 7]
0.345230864962 [32, 14, 6]
0.36426742945 [36, 13, 4]
0.388056674624 [30, 2, 1]
0.448716364885 [6, 6, 1]
0.367336511444 [15, 4, 3]
0.37930346692 [48, 11, 3]
0.354376062716 [42, 7, 5]
0.337084639041 [26, 13, 9]
0.340201942788 [30, 13, 6]
0.365967842209 [34, 4, 4]
0.343018857339 [24, 10, 6]
0.484663622694 [15, 12, 1]
0.332753512949 [8, 2, 5]
0.486886059436 [35, 8, 1]
0.337818197954 [40, 13, 8]
0.337493469781 [44, 3, 8]
0.400506750709 [28, 11, 2]
0.346071858458 [40, 9, 6]
0.373335291753 [17, 5, 3]
0.348689306001 [28, 13, 6]
0.384525377017 [48, 2, 3]
0.486135362357 [22, 11, 1]
0.343846170339 [38, 11, 6]
0.336151189832 [44, 4, 9]
0.318410619261 [11, 3, 9]
0.359201953086 [20, 2, 4]
0.32831875809 [34, 11, 9]
0.343358808978 [42, 8, 7]
0.405378714014 [43, 8, 2]
0.406731205796 [45, 5, 2]
0.348688280478 [30, 13, 6]
0.325648386182 [12, 10, 9]
0.331449608429 [33, 6, 8]
0.408785295355 [40, 2, 2]
0.47762021042 [45, 6, 1]
0.400942681848 [26, 11, 2]
0.461907401171 [10, 6, 1]
0.353059324008 [15, 7, 4]
0.36486293752 [15, 12, 3]
0.335266118481 [34, 10, 9]
0.361718559274 [31, 13, 4]
0.330202693735 [27, 8, 8]
0.399538626012 [25, 9, 2]
0.345304550828 [17, 14, 5]
0.301727342886 [5, 9, 8]
0.37657238949 [30, 6, 3]
0.340681672402 [47, 9, 8]
0.490446912187 [23, 10, 1]
0.46764397187 [8, 10, 1]
0.333602640929 [20, 10, 7]
0.350074967738 [41, 12, 5]
0.365731417427 [11, 6, 3]
0.375405774546 [31, 13, 3]
0.331480674512 [15, 9, 8]
0.343584643085 [20, 7, 6]
0.335292485614 [35, 13, 8]
0.409031942527 [41, 2, 2]
0.343163473292 [30, 10, 6]
0.335500660703 [49, 7, 8]
0.320000584381 [8, 5, 7]
0.389334903503 [14, 3, 2]
0.382326152364 [45, 7, 3]
0.352406830561 [25, 10, 5]
0.407495840171 [27, 3, 2]
0.331177056264 [27, 13, 9]
0.33471225699 [5, 2, 3]
0.383181630965 [13, 10, 2]
0.342201153851 [41, 3, 7]
0.400198167661 [25, 5, 2]
0.340195162328 [31, 14, 7]
0.333124523996 [23, 7, 8]
0.355772408672 [47, 13, 5]
0.348925747832 [27, 14, 5]
0.442139756532 [5, 6, 1]
0.341707265952 [20, 9, 6]
0.472541898888 [30, 6, 1]
0.339295874285 [29, 10, 7]
0.377921834341 [30, 6, 3]
0.354676589892 [40, 9, 5]
0.310593192602 [6, 13, 6]
0.335985654253 [40, 3, 9]
0.34244011334 [16, 5, 5]
0.337460428845 [48, 13, 8]
0.341972925329 [46, 7, 7]
0.347814453068 [20, 13, 5]
0.34352142392 [44, 13, 8]
0.314176309144 [12, 13, 9]
0.353022891527 [16, 2, 4]
0.424003122893 [41, 3, 1]
0.340131236503 [45, 9, 8]
0.355253928109 [34, 8, 5]
0.371187459105 [19, 4, 3]
0.352804992857 [30, 5, 5]
0.492669070294 [19, 12, 1]
0.379973318532 [29, 5, 3]
0.377974035385 [42, 14, 3]
0.401134914949 [33, 12, 2]
0.336008605013 [17, 13, 7]
0.404921275538 [39, 7, 2]
0.328436017588 [18, 6, 8]
0.365567200916 [15, 14, 3]
0.462075132559 [20, 6, 1]
0.355388239222 [16, 14, 4]
0.34558191362 [40, 7, 6]
0.36092524813 [40, 11, 4]
0.353357998948 [30, 2, 5]
0.367751009503 [44, 6, 4]
0.48980770931 [19, 14, 1]
0.337260328951 [34, 7, 7]
0.492382488912 [19, 13, 1]
0.369055640696 [48, 2, 4]
0.352654859581 [23, 13, 5]
0.334220303563 [32, 9, 9]
0.336245176746 [19, 7, 7]
0.335917085495 [38, 6, 8]
0.332474979713 [49, 13, 9]
0.329189000177 [20, 10, 7]
0.34340309158 [28, 7, 6]
0.329491144335 [12, 5, 6]
0.344984533538 [19, 5, 5]
0.394774502184 [10, 2, 1]
0.439343975841 [12, 4, 1]
0.486624099815 [42, 9, 1]
0.361700685782 [34, 4, 4]
0.490952258925 [38, 11, 1]
0.332214678942 [8, 3, 4]
0.34421549563 [46, 3, 8]
0.331621824752 [10, 13, 5]
0.375656208707 [34, 9, 3]
0.344608463211 [10, 5, 4]
0.405732134512 [44, 7, 2]
0.336895812705 [45, 4, 9]
0.333339869869 [13, 5, 6]
0.444622332088 [19, 4, 1]
0.333824409116 [7, 3, 4]
0.405133969862 [48, 13, 2]
0.379962312493 [26, 2, 1]
0.332743720081 [21, 10, 8]
0.370612543376 [19, 13, 3]
0.345893341507 [23, 12, 5]
0.364945226636 [35, 9, 4]
0.313864303671 [8, 6, 9]
0.338273281114 [49, 14, 8]
0.384797007261 [14, 14, 2]
0.364885221947 [32, 9, 4]
0.348906682773 [15, 10, 4]
0.389030220998 [12, 8, 2]
0.349712531919 [47, 6, 6]
0.38137788142 [42, 8, 3]
0.338169198845 [12, 2, 6]
0.330448531995 [24, 10, 8]
0.350983161754 [27, 5, 6]
0.366470880587 [37, 12, 4]
0.401468683023 [35, 13, 2]
0.353990795633 [29, 9, 5]
0.408517599552 [49, 2, 2]
0.456520480235 [26, 5, 1]
0.370475822362 [20, 10, 3]
0.399907606751 [34, 14, 2]
0.341260175946 [20, 7, 6]
0.340730183973 [34, 8, 7]
0.360744405779 [25, 13, 4]
0.335800353421 [20, 6, 7]
0.340084680469 [46, 10, 8]
0.355746198711 [5, 13, 2]
0.465158983724 [16, 6, 1]
0.491105926097 [29, 10, 1]
0.380572237648 [38, 7, 3]
0.400129136438 [33, 11, 2]
0.48590671223 [24, 8, 1]
0.40618402986 [39, 4, 2]
0.315290763439 [9, 2, 8]
0.38281786744 [48, 6, 3]
0.495255315919 [46, 13, 1]
0.495255315919 [46, 13, 1]
0.495255315919 [46, 13, 1]
0.495255315919 [46, 13, 1]
CPU times: user 2min 33s, sys: 39 s, total: 3min 12s
Wall time: 45min 24s