result = differential_evolution(func, bounds, args, strategy='rand2bin', popsize=20, mutation=(0.5,1.9), recombination=0.7, maxiter=3)
(Random Forest)

0.334418278537 [18, 7, 7]
0.340315834973 [5, 2, 3]
0.363937865759 [34, 7, 4]
0.337260309336 [36, 8, 8]
0.380586872998 [33, 7, 3]
0.348004345503 [25, 6, 5]
0.403365908261 [30, 6, 2]
0.344603678767 [47, 5, 7]
0.419048858025 [40, 3, 1]
0.376379487192 [25, 6, 3]
0.409730192482 [45, 4, 2]
0.291916088049 [5, 5, 9]
0.350922592249 [31, 4, 5]
0.345540199046 [10, 2, 4]
0.336786367535 [12, 4, 6]
0.336057429559 [29, 8, 8]
0.397496439435 [22, 9, 2]
0.375139917676 [21, 2, 3]
0.351490293515 [45, 3, 6]
0.409976774126 [49, 4, 2]
0.316133732602 [13, 4, 9]
0.317990056465 [8, 8, 8]
0.338910884086 [14, 3, 6]
0.361528878601 [28, 9, 4]
0.452192157912 [6, 9, 1]
0.340758955735 [26, 7, 7]
0.33046319552 [41, 3, 9]
0.382808637824 [42, 7, 3]
0.467912638813 [21, 6, 1]
0.341315228876 [15, 6, 6]
0.331299640498 [46, 9, 9]
0.32407696659 [26, 4, 9]
0.333345926183 [17, 8, 7]
0.332290909092 [43, 5, 9]
0.387778472762 [10, 3, 2]
0.387853137912 [15, 2, 1]
0.34273759296 [16, 2, 5]
0.335496145362 [8, 7, 4]
0.328531040379 [11, 3, 7]
0.353030974835 [35, 3, 5]
0.362962930239 [11, 2, 3]
0.34340746271 [18, 4, 5]
0.326390231156 [29, 9, 9]
0.354508195567 [40, 8, 5]
0.353030974835 [35, 5, 5]
0.487495690082 [32, 9, 1]
0.382391409116 [33, 4, 3]
0.406906177081 [37, 5, 2]
0.467356798681 [23, 6, 1]
0.33689715995 [28, 8, 8]
0.471050718958 [48, 6, 1]
0.357147057687 [48, 5, 5]
0.349958534994 [42, 8, 6]
0.321173765706 [7, 7, 7]
0.351049940248 [44, 6, 6]
0.358007655401 [20, 3, 4]
0.336581299374 [39, 5, 8]
0.334682847677 [19, 2, 7]
0.363119177159 [38, 9, 4]
0.335186224322 [24, 8, 8]
0.341710687508 [40, 2, 7]
0.420524669302 [48, 3, 1]
0.354548929386 [34, 3, 5]
0.366689474049 [36, 8, 4]
0.382044265607 [41, 5, 3]
0.357715717972 [48, 7, 5]
0.349123749134 [38, 2, 6]
0.368056389575 [47, 6, 4]
0.463265948919 [35, 5, 1]
0.324773858626 [25, 8, 9]
0.389940689366 [11, 4, 2]
0.333247155439 [10, 5, 5]
0.40403906371 [46, 8, 2]
0.384768908918 [10, 2, 2]
0.318068541197 [12, 4, 9]
0.327350750267 [17, 4, 8]
0.363154734065 [26, 2, 4]
0.336885662275 [33, 9, 8]
0.323334086235 [8, 2, 5]
0.334127809217 [37, 8, 9]
0.389930908575 [13, 8, 2]
0.407114658328 [44, 9, 2]
0.3279360239 [21, 2, 8]
0.371427488302 [24, 5, 3]
0.314728381004 [6, 8, 6]
0.333127514922 [26, 8, 8]
0.376289011062 [9, 6, 2]
0.342594921793 [15, 9, 5]
0.33569072167 [32, 4, 8]
0.323589018548 [13, 4, 8]
0.35870970683 [46, 2, 5]
0.328762497267 [28, 5, 9]
0.341871925458 [33, 2, 7]
0.307889765389 [6, 5, 8]
0.368579810657 [32, 4, 4]
0.37892404415 [26, 2, 1]
0.353842362665 [47, 3, 5]
0.349661328139 [12, 7, 4]
0.334138719586 [42, 8, 9]
0.379663400966 [49, 5, 3]
0.384260979666 [40, 2, 3]
0.303969787597 [5, 4, 8]
0.327223792705 [27, 3, 9]
0.343068564601 [40, 2, 7]
0.397037744011 [24, 9, 2]
0.310012959351 [6, 5, 7]
0.36880909724 [15, 4, 3]
0.375564476618 [37, 9, 3]
0.473502202088 [23, 6, 1]
0.329738190286 [28, 3, 9]
0.333842092371 [20, 3, 6]
0.338762220702 [35, 6, 7]
0.368575186635 [42, 6, 4]
0.334260923906 [10, 7, 6]
0.381749799542 [40, 7, 3]
0.332534729347 [49, 3, 8]
0.33620051976 [19, 8, 6]
0.342340729768 [36, 9, 7]
0.35251340255 [38, 9, 5]
0.3351902575 [24, 9, 8]
0.40416821664 [39, 9, 2]
0.340621571975 [42, 5, 8]
0.353544525593 [34, 7, 5]
0.318466149704 [9, 9, 8]
0.352877997654 [9, 8, 3]
0.358713024473 [22, 8, 4]
0.361483741407 [30, 7, 4]
0.363287247646 [31, 3, 4]
0.406291013285 [35, 5, 2]
0.349521255574 [25, 5, 5]
0.379862509261 [12, 8, 2]
0.357454032855 [46, 9, 5]
0.376374370808 [37, 6, 3]
0.36840401179 [43, 2, 4]
0.337855530449 [49, 9, 9]
0.334131837493 [29, 6, 8]
0.340863180851 [41, 3, 8]
0.32821047968 [28, 2, 9]
0.37853169344 [31, 5, 3]
0.353315401336 [48, 3, 5]
0.340104790733 [13, 3, 5]
0.358199834832 [20, 2, 4]
0.458563182723 [47, 5, 1]
0.332998804356 [29, 9, 8]
0.344379515557 [41, 8, 7]
0.315089503004 [9, 3, 9]
0.346782051134 [43, 7, 6]
0.331877146032 [38, 6, 9]
0.342265203447 [37, 6, 7]
0.387849514403 [12, 5, 2]
0.356310641365 [46, 8, 5]
0.368430287935 [14, 8, 3]
0.402793196034 [27, 9, 2]
0.353051096079 [15, 6, 4]
0.337155097024 [38, 3, 9]
0.332381473888 [23, 9, 8]
0.357663222962 [48, 3, 5]
0.334690054861 [42, 2, 9]
0.476448713125 [16, 8, 1]
0.345049271939 [24, 9, 5]
0.311226733917 [5, 5, 6]
0.337319212766 [18, 6, 7]
0.345572186384 [35, 9, 6]
0.324327152376 [7, 2, 5]
0.335798189226 [21, 9, 8]
0.357266976941 [40, 7, 5]
0.345884893936 [33, 7, 6]
0.337593781676 [37, 7, 8]
0.331745652099 [32, 6, 9]
0.340452283323 [30, 8, 7]
0.366081943453 [18, 3, 3]
0.362543561678 [28, 6, 4]
0.408242857554 [48, 6, 2]
0.344654133676 [15, 7, 5]
0.330356962459 [19, 9, 8]
0.349875833313 [29, 9, 5]
0.334711421576 [33, 4, 9]
0.337102703146 [23, 6, 7]
0.333968742109 [34, 6, 8]
0.352397190977 [44, 9, 6]
0.336749078353 [23, 9, 6]
0.337726824705 [48, 4, 8]
0.35980452187 [27, 7, 4]
0.364915660616 [42, 7, 4]
0.329803137193 [27, 3, 9]
0.407903710763 [41, 3, 2]
0.352465145338 [30, 4, 5]
0.354576122462 [37, 5, 5]
0.478277470183 [35, 7, 1]
0.351330797037 [31, 2, 5]
0.325194051598 [12, 8, 7]
0.394128636765 [15, 8, 2]
0.323119626366 [11, 8, 8]
0.333752594178 [26, 2, 7]
0.362182268096 [15, 5, 3]
0.402309828352 [29, 7, 2]
0.382775992061 [35, 3, 3]
0.343935065037 [15, 2, 5]
0.403390407769 [31, 5, 2]
0.382427483421 [49, 5, 3]
0.409260241851 [34, 2, 2]
0.409679828454 [44, 5, 2]
0.338827036993 [10, 4, 5]
0.358060477987 [24, 8, 4]
0.344429284799 [6, 4, 3]
0.343753723733 [34, 7, 7]
0.329365302273 [49, 6, 9]
0.355922231933 [34, 8, 5]
0.485729374936 [25, 9, 1]
0.360654767784 [20, 6, 4]
0.335850798282 [49, 2, 8]
0.4735212266 [13, 8, 1]
0.367143896592 [41, 6, 4]
0.442847866401 [7, 5, 1]
0.345972106082 [10, 6, 4]
0.361196017625 [29, 7, 4]
0.340946943332 [16, 3, 5]
0.349222088706 [26, 2, 6]
0.476169188046 [21, 7, 1]
0.375769046764 [26, 6, 3]
0.380122419261 [47, 2, 3]
0.39278582805 [18, 9, 2]
0.367722757778 [14, 4, 3]
0.403337613328 [27, 8, 2]
0.402209579121 [24, 6, 2]
0.354198470296 [37, 2, 5]
0.348720265052 [33, 4, 6]
0.360576511729 [25, 7, 4]
0.376459992602 [23, 4, 3]
0.32329480786 [6, 7, 4]
0.411093894134 [44, 3, 2]
0.347825688558 [11, 2, 4]
0.393993960116 [15, 2, 2]
0.355429351975 [43, 4, 5]
0.381202492147 [40, 5, 3]
0.357432667129 [20, 3, 4]
0.329636481872 [28, 3, 8]
0.345774192199 [36, 9, 6]
0.334684280463 [39, 9, 8]
0.381175532407 [44, 3, 3]
0.486072358322 [32, 9, 1]
0.486072358322 [32, 9, 1]
0.486072358322 [32, 9, 1]
0.486072358322 [32, 9, 1]
CPU times: user 1min 44s, sys: 26.4 s, total: 2min 10s
Wall time: 29min 27s