nb
0.20354615 0.2003969 0.20986906 0.21263971 0.21033186 0.20423151 0.21477047 0.20268815 0.20227466 0.20847868

rf_notune
0.38591061 0.38596787 0.41189838 0.38082876 0.40242879 0.37931389 0.38719019 0.39496965 0.38440531 0.39546977

rf_46131
0.49282337 0.5046183 0.53884121 0.51345928 0.49453977 0.4977882 0.50397822 0.50997328 0.49750338 0.51448155

rf_29101
0.49711378 0.49695904 0.51435701 0.50231672 0.50408602 0.48308673 0.49176788 0.48706705 0.5147592 0.4838153

rf_19131
0.49608219 0.50431894 0.52555944 0.50603347 0.4889616 0.48112999 0.49097611 0.48307772 0.48756444 0.4974769
